   4.6168752e+00
   1.0800583e-01
  -5.6030319e-01
   5.0899291e+00
  -1.9875607e-01
  -6.4760662e-01
   5.6298298e+00
  -4.9595545e-01
  -7.6247772e-01
   6.0311740e+00
  -9.3186857e-01
  -8.6475633e-01
   6.1033591e+00
  -1.5481506e+00
  -9.3815007e-01
   5.9399286e+00
  -2.1091078e+00
  -1.1032413e+00
   5.7327218e+00
  -2.9322666e-01
  -5.2532164e-01
   6.3752722e+00
  -5.7403296e-01
  -5.7898622e-01
   7.0623335e+00
  -8.7093394e-01
  -6.6252159e-01
   7.6033130e+00
  -1.2018547e+00
  -7.2752568e-01
   7.6920382e+00
  -1.5118723e+00
  -7.5734623e-01
   7.1116089e+00
  -1.5263039e+00
  -8.7518282e-01
   6.3746649e+00
  -7.0086677e-01
  -5.1526910e-01
   7.0334999e+00
  -1.0483443e+00
  -5.5311013e-01
   7.6863279e+00
  -1.3108659e+00
  -6.1968903e-01
   8.1405640e+00
  -1.4791416e+00
  -6.6311125e-01
   8.0325717e+00
  -1.4845709e+00
  -6.6676331e-01
   7.0320785e+00
  -1.1623486e+00
  -7.3939801e-01
   6.7862019e+00
  -1.1674347e+00
  -4.9192168e-01
   7.2810449e+00
  -1.5755318e+00
  -5.1202967e-01
   7.7203888e+00
  -1.7596306e+00
  -5.5907369e-01
   7.9054530e+00
  -1.7189125e+00
  -5.7973711e-01
   7.4775716e+00
  -1.4089157e+00
  -5.5839922e-01
   6.1156074e+00
  -7.8477739e-01
  -5.8751558e-01
   6.8663530e+00
  -1.6867297e+00
  -4.5429376e-01
   6.9981518e+00
  -2.0756827e+00
  -4.5571305e-01
   7.0751463e+00
  -2.1025321e+00
  -4.8226997e-01
   6.8673293e+00
  -1.8091902e+00
  -4.8118815e-01
   6.0756110e+00
  -1.1850916e+00
  -4.3871002e-01
   4.4724567e+00
  -3.2043712e-01
  -4.3065519e-01
   6.0532873e+00
  -2.3539207e+00
  -4.4654284e-01
   5.6881560e+00
  -2.4109140e+00
  -4.3879113e-01
   5.3840087e+00
  -2.1839659e+00
  -4.4985730e-01
   4.7888026e+00
  -1.6256383e+00
  -4.3206509e-01
   3.7352361e+00
  -7.0762150e-01
  -3.7378143e-01
   2.1865522e+00
   3.4666266e-01
  -3.3381011e-01
