   2.2177467e+00
   1.2135960e-01
  -3.4690651e-01
   1.6844073e+00
  -4.4611398e-01
  -2.2746624e-01
   7.8397722e-01
  -9.6569658e-01
  -1.1345338e-01
  -6.1616987e-01
  -1.2555414e+00
   4.7391703e-02
  -2.3736498e+00
  -1.1148878e+00
   2.5228683e-01
  -4.3375096e+00
  -3.2127186e-01
   5.3004634e-01
   2.6467562e+00
  -3.5787704e-01
  -2.2420210e-01
   2.1143360e+00
  -6.4250065e-01
  -1.0074011e-01
   9.1887162e-01
  -8.5397779e-01
   1.7515369e-02
  -9.9190824e-01
  -8.5314486e-01
   1.7910218e-01
  -3.4318892e+00
  -5.3204332e-01
   3.7939122e-01
  -6.1073909e+00
   1.1774492e-01
   6.7523388e-01
   2.3866529e+00
  -7.2776376e-01
  -1.4862984e-01
   1.7832011e+00
  -8.2151515e-01
  -2.5160975e-02
   3.7427382e-01
  -7.2456469e-01
   1.0029799e-01
  -1.8420326e+00
  -4.3878420e-01
   2.6747480e-01
  -4.6246795e+00
   2.8185534e-02
   4.6984459e-01
  -7.5932661e+00
   5.7834069e-01
   7.8228158e-01
   1.6730946e+00
  -9.5349499e-01
  -6.6316174e-02
   8.8307715e-01
  -8.4241374e-01
   5.4825414e-02
  -6.9236559e-01
  -4.4875537e-01
   1.8339780e-01
  -3.0337166e+00
   7.9106126e-02
   3.4956033e-01
  -5.8792687e+00
   6.1694606e-01
   5.4522180e-01
  -8.8600866e+00
   9.9532941e-01
   8.5851005e-01
   6.0521695e-01
  -9.4196419e-01
   1.5674970e-02
  -4.1798694e-01
  -5.9070899e-01
   1.3111485e-01
  -2.0502207e+00
   7.0478845e-02
   2.5757390e-01
  -4.2736393e+00
   7.5488690e-01
   4.1550487e-01
  -6.8497544e+00
   1.2174385e+00
   5.9585335e-01
  -9.5598427e+00
   1.2402176e+00
   8.9514104e-01
  -6.5058456e-01
  -6.9847833e-01
   9.1527208e-02
  -1.7745928e+00
  -3.2657880e-02
   2.0927533e-01
  -3.1874584e+00
   8.7152219e-01
   3.4198840e-01
  -4.8990326e+00
   1.6312210e+00
   5.0166614e-01
  -6.6982153e+00
   1.8699826e+00
   6.7881033e-01
  -8.6514754e+00
   1.1243634e+00
   9.6102820e-01
